colour_1_g_v: 0.6473123076923077
colour_1_r_v: 0.6296553846153847
colour_1_b_v: 0.6182753846153846
colour_0_g_v: 0.581946153846154
colour_0_b_v: 0.5789876923076923
minferet_v: 0.57
minor_v: 0.5698476923076924
minferet_d: 0.5652753846153846
colour_0_r_v: 0.5636707692307692
minor_d: 0.5585092307692308
area_v: 0.5570692307692308
area_d: 0.5540261538461538
colour_1_g_d: 0.5518446153846154
colour_0_r_d: 0.5517984615384616
colour_1_b_d: 0.5464938461538461
efd_19_d: 0.540946153846154
efd_0_d: 0.5383338461538462
colour_1_r_d: 0.5362446153846153
efd_23_d: 0.5321123076923077
colour_0_g_d: 0.5308399999999999
efd_5_d: 0.5294630769230768
efd_14_d: 0.5282476923076922
colour_0_b_d: 0.5265030769230769
major_v: 0.5250076923076922
efd_0_v: 0.5248153846153846
efd_23_v: 0.5244446153846154
major_d: 0.5239261538461538
percentage_0_d: 0.5235738461538462
efd_24_d: 0.5234015384615384
efd_24_v: 0.5228369230769231
feret_v: 0.5225630769230769
efd_4_d: 0.5221507692307691
percentage_1_d: 0.5219384615384617
efd_18_d: 0.5208907692307692
feret_d: 0.5199446153846154
efd_22_d: 0.5165553846153845
efd_21_d: 0.5148369230769231
efd_21_v: 0.5141923076923076
efd_14_v: 0.5141538461538462
circ_d: 0.5127892307692308
efd_11_d: 0.5126799999999999
circ_v: 0.5126261538461537
efd_20_d: 0.5125923076923077
efd_7_d: 0.5109569230769231
efd_2_d: 0.5108630769230769
efd_22_v: 0.5101323076923077
percentage_1_v: 0.5098938461538463
percentage_0_v: 0.5098569230769231
efd_2_v: 0.5097892307692308
efd_15_v: 0.5094953846153847
efd_11_v: 0.5060615384615385
efd_5_v: 0.5045246153846153
efd_9_v: 0.504283076923077
efd_10_v: 0.5040338461538462
efd_1_v: 0.5036384615384615
efd_13_v: 0.5034707692307692
efd_8_d: 0.5017092307692307
efd_12_d: 0.5012384615384615
efd_4_v: 0.5008646153846154
efd_7_v: 0.5007676923076922
efd_16_d: 0.49975538461538455
efd_19_v: 0.4997061538461538
ar_d: 0.49954
efd_12_v: 0.49941076923076916
efd_3_d: 0.49904
efd_6_v: 0.49898769230769235
efd_6_d: 0.49862
efd_18_v: 0.49859538461538466
efd_3_v: 0.4981430769230769
efd_15_d: 0.4968753846153846
efd_17_v: 0.4967338461538462
efd_17_d: 0.4960769230769231
efd_20_v: 0.49554461538461536
efd_10_d: 0.49549846153846155
efd_13_d: 0.49525692307692304
efd_1_d: 0.4924953846153846
efd_9_d: 0.4913446153846154
ar_v: 0.4890784615384615
efd_8_v: 0.4861215384615385
efd_16_v: 0.47747538461538463